[[86.60287063217928, -3.405781619208766], [0.9427649939171165, -0.3334578927607791], 100, 1, 5, 85]
[[-79.46489147028518, -12.380029682218495], [0.87854936165743, -0.47765156665850284], 100, 2, 60, 87]
[[91.50350604923183, -83.23499270069294], [0.8194233591652756, -0.5731887633705809], 100, 2, 80, 90]
[[63.358227800910115, -22.00258569686098], [0.6414443194867571, -0.7671695933743536], 100, 2, 10, 100]
[[-96.19801350229416, -58.30747026108348], [0.9922581135729378, 0.1241927375037484], 100, 2, 66, 195]
[[-57.52807854101199, -88.26886838449363], [0.990080402853462, 0.14050194263968915], 100, 2, 86, 195]
[[-52.35660049633261, 56.52850777244245], [0.9903099429214978, 0.1388748247553163], 100, 2, 96, 195]
[[73.01987628503704, 20.712875886826556], [0.9067630422308596, 0.4216405877571991], 100, 2, 24, 196]
[[-11.40919839190204, 41.8207920155525], [0.6958914606733912, 0.718146973092454], 100, 3, 85, 196]
[[49.244785545319175, 47.969882774427305], [0.9324864627372855, 0.36120492357068595], 100, 2, 56, 197]
[[-52.416123070154484, -90.93104324477085], [0.950254309815277, 0.311475114058076], 100, 2, 76, 197]
[[87.22386060639643, -42.83200146699696], [0.8586251429657988, 0.5126040029759439], 100, 2, 54, 199]
[[68.08970411681034, 51.183733614398825], [0.8908810897823725, 0.4542365945938003], 100, 2, 33, 204]
[[15.60776772344741, -71.74574858953228], [0.8620464611288611, 0.5068292600622097], 100, 2, 23, 206]
[[13.657482253583773, 91.65351979787624], [0.8467923853301977, 0.5319235435161653], 100, 2, 13, 207]
[[23.693415266442596, -45.92407528210992], [0.9982116454988875, 0.059778849022069765], 100, 2, 52, 219]
[[-1.464359995049712, 12.740572744606302], [0.6295725221789561, 0.7769417219568195], 100, 3, 6, 221]
[[59.05031390016189, -27.968152148555827], [0.9661231752651367, -0.2580814023047958], 100, 2, 62, 222]
[[25.285235224702397, 77.33502001338195], [0.9453760976859056, -0.32598164660632206], 100, 2, 72, 224]
[[14.800486503151571, 3.2489320197982927], [0.5455830013182296, 0.8380567932262065], 100, 2, 74, 226]
[[2.624039865797962, 26.991683668612772], [0.5377234148795649, 0.8431213015279945], 100, 2, 14, 227]
[[3.4221326461735724, 3.6370592773239947], [0.9834087100621545, -0.18140371819201875], 100, 2, 39, 227]
[[-5.855056570474186, -76.34486251029075], [0.9957332221273258, 0.09227865599332079], 100, 3, 20, 230]
[[5.679722209472152, 16.478096739026928], [0.9409183693206892, -0.33863346301701375], 100, 5, 17, 231]
[[-66.82136162233432, 78.0117600011533], [0.9830111846817767, -0.18354566404720618], 100, 2, 51, 232]
[[77.1891891612823, -19.91297448016779], [0.9784337017837046, 0.20656110769899688], 100, 2, 41, 233]
[[-31.60693647159791, 28.423526736536324], [0.9659397062661612, 0.25876723876573343], 100, 3, 40, 235]
[[87.90646640706619, 80.61003666752367], [0.8292117026256116, -0.5589346582819268], 100, 3, 2, 241]
[[-48.725417388316004, -68.72842683170812], [0.8475625474591624, -0.5306955135899823], 100, 2, 29, 243]
[[-21.791292327819157, -47.45706162371647], [0.87782192598458, -0.4789871253600899], 100, 2, 71, 244]
[[71.93573319456505, 62.88299456183341], [0.832153902841217, -0.5545447520138751], 100, 2, 19, 245]
[[-50.685666930169475, 71.45482602823502], [0.7983242146893258, -0.6022279039040547], 100, 3, 87, 246]
[[-60.5754112168149, -67.7768961829584], [0.9774756107515254, 0.21104840768395344], 100, 2, 68, 264]
[[13.432728040776883, -15.363534086381211], [0.7650199273427422, 0.6440066077056241], 100, 3, 90, 272]
[[48.02327472956779, 9.206180030688271], [0.8467870323749015, 0.5319320650249499], 100, 2, 78, 280]
[[17.21488288699562, -50.0577954632395], [0.6986114168220869, -0.7155012846150846], 100, 3, 44, 282]
[[12.97662293258217, -9.553672333063576], [0.9396996874049133, -0.3420007273254082], 100, 3, 63, 286]
[[-70.7412142859299, -4.694384573571558], [0.6680131492279846, -0.7441494691649725], 100, 4, 21, 293]
[[57.83624541423073, 65.02257784889932], [0.976623470230761, -0.21495719898255516], 100, 6, 70, 294]
[[69.90950969041857, 96.91111497777526], [0.8849764883908483, -0.46563571061013226], 100, 5, 99, 299]
[[-85.99716994379021, 41.716019275932645], [0.9726593047971561, -0.232236682700027], 100, 6, 9, 301]
[[84.86495732683285, 32.254131257616855], [0.9762492487114766, -0.21665041977867827], 100, 3, 53, 303]
[[-88.65380887217476, 28.28352265081225], [0.6051334523821696, 0.796124051142808], 100, 4, 49, 310]
[[-6.676138740203253, 42.230558920444025], [0.9888172050771067, 0.1491326085854438], 100, 5, 64, 315]
[[60.83144441175132, -54.129391822938885], [0.9998227138929506, -0.018829253403548914], 100, 3, 84, 318]
[[76.82699349587853, -98.77646737380263], [0.906856937717649, -0.42143860111927106], 100, 4, 58, 319]
[[-91.88060297485015, -55.293277486697875], [0.8455768138351376, 0.5338537738973257], 100, 4, 92, 321]
[[-6.397326389681797, -1.8661643488682875], [0.9412843296607011, 0.3376148852393873], 100, 3, 43, 321]
[[66.68097940422382, -82.435930398563], [0.9456058326302019, 0.32531463123527443], 100, 4, 26, 323]
[[-67.43995720139108, 74.96777671167742], [0.9970938689692582, -0.07618278325130787], 100, 12, 1, 337]
[[59.11419906392773, -88.02392398705157], [0.9633464348598073, 0.26826040789296346], 100, 3, 34, 341]
[[-33.46424762127603, 45.214501484716166], [0.44205377421918834, 0.8969885510409655], 100, 4, 27, 342]
[[-24.713916463902645, 35.38665892492616], [0.996558056134394, -0.08289777291120679], 100, 4, 67, 346]
[[-43.14582719907612, -6.789750277011549], [0.9739329822823866, 0.22683594517301814], 100, 7, 16, 348]
[[-63.99164265097226, 62.489332297197194], [0.9147288089943825, -0.4040683184756243], 100, 5, 89, 352]
[[78.05167319257977, -84.19506898020929], [0.5586302484544527, -0.829416810482954], 100, 7, 7, 361]
[[-40.54849975142028, -38.99360342743736], [0.7992212835144458, -0.6010368873684225], 100, 4, 88, 364]
[[76.3069942530047, 72.25845673738374], [0.8960332576420762, 0.44398693809540024], 100, 5, 83, 375]
[[29.35194123812201, 74.38269490056838], [0.6437153490509029, -0.7652650190595898], 100, 6, 0, 378]
[[-39.27480515277747, -30.92758592710338], [0.8327188432419335, -0.5536960611290425], 100, 7, 47, 383]
[[-32.0583445777909, -20.165952005167448], [0.1753991915751457, 0.9844973964388049], 100, 6, 42, 391]
[[-84.04730976055968, -55.018458335865084], [0.6344429377132501, -0.7729697010787557], 100, 5, 32, 406]
[[-56.636512881114555, 76.81609952207259], [0.9340692542034588, -0.3570919046293186], 100, 6, 37, 417]
[[56.07423807779159, -89.66021680582831], [0.904405863100535, -0.42667321780184], 100, 7, 95, 426]
[[38.53083817489674, -80.96706467969051], [0.5268300296184799, -0.8499706582536785], 100, 6, 31, 438]
[[28.161810298970067, 28.98346735472765], [0.7031200732494695, 0.7110711375057075], 100, 7, 15, 441]
[[11.25611017560765, 80.97661548003653], [0.9707437851561741, -0.24011768693843386], 100, 5, 30, 448]
[[58.297617971139, -6.895457892374567], [0.9471625700001596, -0.3207539025338474], 100, 6, 3, 452]
[[26.004805670075953, 39.92833787313425], [0.9331661357488985, -0.3594453548058011], 100, 7, 98, 458]
[[86.304195485778, -95.31376990568582], [0.7715267218603287, -0.6361969172005277], 100, 11, 55, 463]
[[58.50473811837611, 48.55048088171275], [0.9817788451741888, 0.19002710114201124], 100, 7, 61, 476]
[[76.10148993623292, -79.62447218110208], [0.9871020115660493, 0.16009253187534736], 100, 9, 4, 487]
[[79.15501337174346, -54.27567065803883], [0.8263810569978937, -0.5631113110523034], 100, 7, 79, 489]
[[14.94812036215972, -34.1910605066511], [0.9727393435301933, -0.23190120644026083], 100, 2, 30, 71]
[[65.91199979565775, 47.859040626560635], [0.9900573074448972, -0.14066459389256533], 100, 1, 9, 71]
[[-86.21239858743786, -39.881563130131084], [0.8265102978547788, -0.5629215998165328], 100, 2, 50, 72]
[[-84.15323901995568, 20.324445207214918], [0.8506109803257004, -0.5257955497618355], 100, 2, 80, 72]
[[-77.61838828279984, 48.145797000821425], [0.9039874158678282, -0.4275590625312557], 100, 1, 3, 72]
[[60.66179224083044, 21.03430307595531], [0.3922439393405733, -0.919861235214632], 100, 3, 29, 74]
[[37.54971399848028, 92.41428098037085], [0.6408464356501464, -0.7676690992312396], 100, 1, 7, 75]
[[-80.2113199495148, -30.15121588939565], [0.37867641526812124, -0.925529131102682], 100, 1, 2, 82]
[[-33.20522158849231, 13.118299077604423], [0.6883200810320051, -0.72540710366531], 100, 5, 83, 89]
[[-25.66653371054386, 84.22969047678792], [0.2072242188808213, -0.978293474939516], 100, 3, 87, 94]
[[-60.38545119345369, 17.513759021484802], [0.3086301619112822, -0.9511821188177455], 100, 3, 33, 102]
[[16.006804320204395, -48.56622623046168], [0.13885486322133048, -0.9903127419960756], 100, 3, 63, 111]
[[-2.753216693661603, 80.51022554741836], [0.043074405020280274, -0.999071867100735], 100, 3, 12, 152]
[[-60.934409712522665, -74.29003072352424], [0.5379560092048318, -0.8429729130644773], 100, 3, 57, 164]
[[-83.73427438110177, 73.21609813044556], [0.8796674981155419, 0.4755892058900655], 100, 2, 68, 186]
[[58.75841491729939, -63.68587121508289], [0.984461784437603, 0.17559896065162342], 100, 2, 11, 214]
[[-48.05841928554305, -62.89022698792635], [0.8744289700120015, 0.4851535596115421], 100, 3, 19, 221]
[[-13.107545769147634, 5.096939582455844], [0.9747887095902884, 0.22312994343050505], 100, 2, 74, 230]
[[2.1632242821017442, 33.97184081205501], [0.6396484600665758, 0.7686675793439308], 100, 2, 91, 238]
[[39.927031043022936, -16.24092724639216], [0.7841593909480374, 0.6205594649894585], 100, 3, 4, 245]
[[-35.82794776948431, -57.19719548836226], [0.8975538258929243, 0.4409048986175749], 100, 2, 26, 245]
[[-71.87887132912715, -22.474237086745056], [0.6712016052127787, 0.7412748512932225], 100, 2, 34, 255]
[[37.995477479174895, -52.28431883653466], [0.49931346151630346, 0.8664214142948031], 100, 2, 71, 257]
[[-4.341411045418017, 90.74722227168814], [0.46395975868453665, 0.8858562763345906], 100, 2, 81, 264]
[[-80.04219888361749, 82.97536075538378], [0.9292080812977206, -0.36955695318990905], 100, 2, 55, 268]
[[99.46129757286843, 18.20747837964871], [0.9700533451216033, -0.24289196696965384], 100, 3, 49, 274]
[[90.50407151116036, 6.068077920825929], [0.9875036888963618, -0.15759588959131401], 100, 3, 85, 276]
[[9.018012151655107, -3.833539288059781], [0.9916246615844108, -0.1291531282532591], 100, 3, 58, 280]
[[91.03681294144715, 71.42430344148866], [0.9927704069894769, -0.12002882572927397], 100, 3, 72, 281]
[[-83.00679430650904, -8.574170022158572], [0.9960665135982474, -0.0886086930737183], 100, 4, 0, 282]
[[48.693628666315625, -25.709832028028682], [0.9666248837147997, -0.25619589025460565], 100, 4, 77, 283]
[[93.88616084157557, -7.964627640724464], [0.9549989062943182, -0.2966093204480534], 100, 3, 82, 287]
[[78.75661044050099, 32.1568529587544], [0.8610253666799016, -0.508562009919873], 100, 6, 47, 292]
[[80.24612825230994, 79.92852496649351], [0.776447498158705, 0.6301819440471838], 100, 5, 70, 297]
[[86.99127809636381, 30.735938758326874], [0.9241383266648422, -0.3820580495017812], 100, 3, 64, 301]
[[69.290585526173, 76.8628947342891], [0.6576768619681269, -0.7533001694090858], 100, 3, 35, 302]
[[-91.48453401661853, -81.99109606386891], [0.7938237352050297, -0.6081479075234371], 100, 5, 62, 304]
[[88.23223163898852, 77.85579031994426], [0.7246293831480339, -0.6891387792589384], 100, 5, 32, 305]
[[-22.082500513441317, -80.41468614850551], [0.5423225094114078, -0.8401703968753681], 100, 5, 5, 305]
[[-2.225061767523386, 86.94872940986676], [0.9064760140542125, 0.42225731011361683], 100, 4, 37, 306]
[[-69.61092420972932, -88.9832405235512], [0.8648525209879911, 0.50202601221522], 100, 3, 69, 306]
[[-62.51987911514967, -71.67026701930531], [0.8930690878218763, 0.44991955322813176], 100, 4, 53, 315]
[[-97.0543418658259, 96.62138573360197], [0.717445781739437, 0.6966143483049198], 100, 4, 89, 317]
[[-46.91683961103617, -44.66570276988457], [0.98740188831219, -0.15823245860922946], 100, 3, 96, 320]
[[38.16603295155303, 50.984589965708295], [0.8480367450335494, 0.5299374293941717], 100, 4, 99, 322]
[[-35.34103375007734, 23.036299764874023], [0.9939877311279699, 0.10949150819616366], 100, 3, 84, 329]
[[-82.97047064834622, -79.89422662362509], [0.953235473478159, -0.3022286090079331], 100, 3, 18, 333]
[[-75.65204161117344, 78.01533252759698], [0.9998692858451311, 0.016168216461548476], 100, 4, 56, 334]
[[-9.824583578523828, 45.49311636815906], [0.8440854475612716, -0.5362086881199221], 100, 4, 90, 337]
[[-32.07057820005335, -16.450049253950034], [0.9698166144532755, 0.24383546569436274], 100, 6, 93, 339]
[[-51.807463113486435, -21.414649416936214], [0.5758466549319613, -0.8175577227350193], 100, 4, 20, 343]
[[-83.49388654998592, -97.65358178176581], [0.985294421291539, 0.17086516137519456], 100, 6, 27, 349]
[[20.42796535743884, 29.661433944977517], [0.9632821455865177, -0.26849116930401057], 100, 3, 48, 353]
[[-36.70983022655727, 7.637778400986331], [0.8510870834112458, 0.5250245484265846], 100, 7, 10, 359]
[[42.10125861756093, -63.038618253517704], [0.9992966345097857, 0.03749981676509779], 100, 3, 94, 361]
[[-86.44582003920725, 90.11556363849917], [0.6036590110556588, -0.7972426220237501], 100, 4, 40, 369]
[[-59.71588349613129, -77.617244893887], [0.7329041091514438, -0.6803319533793254], 100, 4, 45, 370]
[[-9.55010746439949, -90.08809353687849], [0.9476748029154276, -0.31923732225290546], 100, 5, 95, 374]
[[-61.61752370848564, 53.01838351548826], [0.860750298617806, -0.5090274289558055], 100, 3, 36, 375]
[[-17.948405958578345, -2.5148775040682763], [0.9596615865700702, -0.2811576768680091], 100, 5, 52, 376]
[[89.72759805716764, 9.322322174799531], [0.8047139043229549, -0.5936628101787295], 100, 5, 15, 377]
[[-88.79940018245189, -1.5316838081430075], [0.5627055157237951, 0.826657427580505], 100, 7, 25, 381]
[[-65.64915177861911, 31.027338229271614], [0.9815707986289088, 0.19109884164747346], 100, 4, 24, 391]
[[-55.89993082332213, 47.59836660532386], [0.9755898551400386, 0.21960062510803208], 100, 4, 78, 417]
[[-26.11159347609983, -31.13274789727795], [0.4938967261634556, 0.8695205712834059], 100, 4, 86, 422]
[[9.33249525461336, 8.228813649438926], [0.9831495227174881, -0.18280321654821985], 100, 11, 59, 424]
[[-13.862055053407275, 50.129944429644674], [0.8223465298831756, -0.5689869812123115], 100, 5, 98, 427]
[[62.7779818242813, 2.791542534638541], [0.861398374770274, -0.5079299557450127], 100, 7, 1, 431]
[[-3.3432945561231238, -10.616862165662843], [0.7228146045017981, -0.6910420012697558], 100, 7, 66, 446]
[[44.34784803274309, 60.99878924256244], [0.9168724721703976, 0.3991802472269182], 100, 6, 88, 454]
[[27.463180809723724, -95.58911192931215], [0.770342552342508, -0.6376302628094358], 100, 5, 75, 457]
[[56.46369433925733, 83.1696734254393], [0.9575855589340243, 0.2881490887041155], 100, 6, 79, 460]
[[47.73082114226979, -9.31938766812691], [0.19030481501782912, -0.9817250518251176], 100, 8, 14, 463]
[[39.01629281520587, 25.41052272382939], [0.9579535217534249, 0.28692342211853417], 100, 5, 54, 465]
[[72.98646578871325, -3.9956914871278286], [0.9362134446514813, 0.3514319081327248], 100, 5, 61, 477]
[[60.311675236628346, -36.68951349164924], [0.9825714468216948, 0.18588531919094972], 100, 5, 23, 477]
[[72.98013217600827, -46.46591417192451], [0.582755750380376, 0.8126473622664414], 100, 6, 65, 485]
[[91.4266729311101, -15.017508716284283], [0.9971854233400338, -0.07497487231171292], 100, 5, 76, 491]
[[90.64378777086456, 29.4316691506914], [0.6127503276135794, 0.7902765566619391], 100, 8, 67, 492]
[[94.81498462076443, -51.14043499070982], [0.9699497977847832, 0.24330513717810873], 100, 11, 31, 496]
[[97.53922365682506, 34.23331669018981], [0.8401400078909002, -0.5423695853761329], 100, 12, 92, 498]
[[48.160570167806554, 11.69998155633823], [0.9782466868685815, -0.20744497976727064], 100, 0, 0, 50]
[[-7.652717307141489, -20.212338998628212], [0.99953184152832, -0.030595714912474013], 100, 2, 52, 109]
[[52.730111153016985, 22.540686074900893], [0.7720715334250037, -0.6355356380839421], 100, 3, 2, 110]
[[30.819481036174718, -52.67494202255803], [0.6836357878358947, -0.7298233413573422], 100, 2, 12, 110]
[[29.52408111033122, 64.4297573116041], [0.675172933524109, -0.7376594809506951], 100, 2, 62, 110]
[[-54.804913664067804, 17.12973967631818], [0.3196220079938004, -0.94754512927143], 100, 2, 22, 111]
[[-97.55805399410622, 65.72215558379344], [0.3397276513348814, -0.9405238555818163], 100, 2, 82, 111]
[[88.71273881720518, 5.233598655994449], [0.7890353897042122, -0.6143477466340396], 100, 3, 70, 113]
[[-53.390281772655044, -92.78569669642569], [0.9994951126241433, -0.03177294195461387], 100, 2, 68, 120]
[[-95.76263126870798, -28.95759817112296], [0.9171472071222488, -0.3985486174456747], 100, 2, 38, 121]
[[51.574387242646125, 5.151388557193524], [0.9259131775209593, -0.37773639974596124], 100, 2, 98, 121]
[[-26.106032411336436, 91.02617597552246], [0.885441315578606, -0.4647511986713188], 100, 2, 18, 122]
[[-71.9643632729903, -48.82057533066611], [0.7957954697435673, -0.6055654963219215], 100, 2, 88, 123]
[[42.244413969963, 93.81637023715984], [0.9998667947119222, -0.016321545040431942], 100, 2, 25, 125]
[[40.778993501362564, 71.36877245955525], [0.9996828143094909, -0.025184732959790762], 100, 2, 85, 125]
[[-9.2950342611985, 68.0018070584043], [0.959011794350097, -0.28336615587858643], 100, 5, 5, 127]
[[62.89991945577629, 98.97942224688128], [0.8748890987694531, -0.4843233061234759], 100, 2, 45, 127]
[[44.0542752274239, -65.03110578894893], [0.7527319108987531, -0.6583271757376505], 100, 2, 75, 130]
[[-20.47064797991983, 94.39151427297138], [0.9770646172995873, 0.21294302905052093], 100, 3, 1, 152]
[[-48.722322174318265, 39.21229653483628], [0.9134051175812385, 0.40705170577753846], 100, 2, 31, 153]
[[-83.95459336067265, 81.56892793356873], [0.8286247931515828, 0.559804387419835], 100, 2, 41, 158]
[[45.81142290221327, 35.9332291425375], [0.6945558206551752, 0.7194388174084132], 100, 2, 71, 168]
[[6.248514356526379, -90.57863397436321], [0.9607029734220974, -0.2775784517176012], 100, 2, 93, 186]
[[26.548638648437716, 58.824129845864185], [0.8603476209836503, -0.5097077310260982], 100, 2, 13, 192]
[[-12.440766594131539, -73.60902830833834], [0.17247034845830939, -0.9850147099930383], 100, 2, 15, 197]
[[-1.1457143136565469, 8.117985526759579], [0.7339796028084599, -0.6791715119622844], 100, 2, 53, 203]
[[16.38434944054947, 91.51485065353296], [0.9924920927098505, 0.12230881369885661], 100, 4, 32, 213]
[[21.95461890878454, 34.06794925845714], [0.9142223922556874, 0.40521280520028985], 100, 3, 65, 235]
[[68.97190846677319, -83.6936250238064], [0.9990471383622413, 0.04364419010838211], 100, 2, 56, 247]
[[40.31301355124399, 28.449106889306425], [0.9887477664274767, 0.1495922938679527], 100, 2, 57, 249]
[[23.593100444746653, 36.80673933152649], [0.9708884934878124, -0.23953190437385588], 100, 2, 26, 250]
[[57.20494031726112, 79.66170240243798], [0.9981356261151371, 0.06103500536367123], 100, 2, 89, 250]
[[-2.1565266575793345, -3.8698365745831724], [0.9438454515325528, 0.3303872933714484], 100, 2, 87, 253]
[[-23.44977606677371, 75.08617575014914], [0.9662785578316654, -0.25749902655108586], 100, 2, 34, 254]
[[-13.167372301418446, -97.76574762050241], [0.949732568558838, 0.3130623711317477], 100, 2, 19, 255]
[[94.24540283621042, 71.03294743909551], [0.9814420783308928, 0.19175882478138462], 100, 4, 80, 256]
[[59.71556683628153, -77.6822502043714], [0.9230859587752139, 0.38459369822196], 100, 2, 79, 258]
[[-33.091703749903004, 83.28506524751803], [0.8829825702612473, -0.46940577394706334], 100, 3, 10, 262]
[[-92.39966283946212, -28.34670868893454], [0.5911748311723242, 0.8065434389965453], 100, 3, 97, 262]
[[52.238898404655096, 52.140300582306885], [0.9989923035524326, -0.044881816396000654], 100, 3, 90, 263]
[[17.080189909236218, 16.347928698728563], [0.8975222696844029, -0.4409691320495778], 100, 3, 50, 264]
[[94.70756500656556, -51.30550790002517], [0.8779220650303193, 0.478803558605092], 100, 4, 83, 270]
[[71.75910886015028, 97.2341025499414], [0.9721395041268457, -0.23440303862367204], 100, 5, 94, 270]
[[66.93862997369953, 79.60818157070901], [0.8082221802390993, 0.588877667575836], 100, 3, 49, 278]
[[45.908537584335164, -60.85144739999578], [0.9415592591543809, 0.33684738606771664], 100, 4, 39, 283]
[[77.56104242120516, 36.62992776311374], [0.7591700068354774, 0.6508923879731742], 100, 4, 6, 290]
[[62.310903968048905, -54.54979263365598], [0.6109819726322728, 0.7916445093085511], 100, 4, 23, 298]
[[58.11221255126788, -5.246992931870864], [0.9630973755359693, -0.26915320030742373], 100, 3, 95, 299]
[[-60.87834422933587, 23.065140446144653], [0.38052941680910285, 0.9247688159442468], 100, 4, 9, 302]
[[-51.812207831432886, -67.76662704054532], [0.9999948580709991, -0.0032068413684629344], 100, 5, 3, 305]
[[81.69019390316832, 44.582225720014264], [0.9909040133995951, 0.13457056226595443], 100, 5, 60, 307]
[[-94.47294573443926, -80.36145055805207], [0.8984328219919033, -0.4391109932211501], 100, 4, 28, 312]
[[43.53233746498173, -1.4492373393455908], [0.6630155476895486, -0.7486056261623525], 100, 4, 76, 315]
[[3.953788224550604, -12.911596382385554], [0.937528805608039, 0.34790765823011705], 100, 3, 35, 317]
[[-96.31314988469582, -12.407914332980368], [0.6211431808275591, 0.7836971027836087], 100, 3, 46, 320]
[[29.335653515336226, -89.82693179179424], [0.9985180529016773, 0.05442148499851172], 100, 4, 4, 325]
[[59.40902028904253, -70.58136730203621], [0.9421811962683457, -0.33510385464561426], 100, 4, 96, 327]
[[-26.959860524785825, 24.775959463891617], [0.9273766048502294, 0.37412916589924045], 100, 4, 72, 329]
[[-65.16603255626187, 67.66743162216736], [0.9916428542670476, 0.1290133697765584], 100, 4, 63, 333]
[[1.6934274229555337, 61.5597583817738], [0.8918688185789946, 0.45229416362198216], 100, 4, 44, 333]
[[-21.264946847757066, 44.542179409457475], [0.8216790941788866, 0.5699504067805937], 100, 4, 8, 343]
[[8.180073894274493, -62.18851905060028], [0.8406600491224329, -0.5415631835801514], 100, 5, 77, 345]
[[59.96110092697236, -0.42973874473704665], [0.9813753727964045, 0.19209991584776415], 100, 6, 42, 356]
[[-85.37003185414628, 31.31339204808915], [0.455641868132344, 0.890163180548863], 100, 3, 54, 371]
[[-95.20064602737651, 45.25422736882476], [0.9847974313861262, 0.17370670434755295], 100, 6, 11, 373]
[[-83.80677475231026, 83.68343819962793], [0.8821837362135357, 0.4709053573281226], 100, 8, 61, 377]
[[-90.49355728952654, -79.40094807391192], [0.668104703987797, 0.7440672714945727], 100, 6, 99, 403]
[[-89.83458541721971, -98.0272351952606], [0.9222124778231213, -0.386683521432371], 100, 5, 36, 404]
[[-26.576833543430876, -4.952407813113118], [0.9979534790601866, -0.0639441446238011], 100, 8, 59, 406]
[[-68.79688529778244, -53.9066388942898], [0.9481747441124514, 0.3177493581854845], 100, 6, 91, 414]
[[-69.72442612077883, -73.60923360272844], [0.9833601124515033, 0.18166697344142327], 100, 9, 69, 414]
[[-8.233098605688044, -85.80037295511002], [0.9972654787228724, -0.07390240150116975], 100, 6, 84, 424]
[[57.135924028392495, -79.01429037852584], [0.16798644173738692, -0.9857893057811145], 100, 6, 14, 440]
[[69.60560782560019, -68.38750206674635], [0.5022461760426354, 0.8647246837291914], 100, 6, 33, 484]
[[72.01960887065121, 20.855670034212395], [0.633095287137735, 0.7740738707668596], 100, 9, 17, 485]
[[79.87225691898168, -14.836605289180344], [0.496387273372333, -0.8681011892826669], 100, 14, 73, 489]
[[68.06752585491958, -30.072648297209465], [0.9986066802149064, 0.05277024000479568], 100, 2, 30, 113]
[[98.14873258342548, 37.26711452729394], [0.9826144206541146, 0.1856580198175633], 100, 1, 8, 114]
[[38.43513008950446, 81.99229470263006], [0.9655811919906125, 0.26010182943222054], 100, 1, 5, 115]
[[-22.564640072191114, 53.43869187012579], [0.9581219782638065, 0.2863603931549368], 100, 2, 50, 116]
[[-48.223943052843204, -30.307803055661157], [0.860015534062665, 0.5102678523784436], 100, 1, 3, 123]
[[-98.20313030232984, 76.17053280183548], [0.8485429456177302, 0.5291265155351654], 100, 2, 40, 124]
[[-59.52767024814264, -99.85523459553814], [0.7455284892589383, 0.6664737592008293], 100, 2, 20, 134]
[[-86.11111142222681, 23.851118777369024], [0.928787006725271, 0.3706139448783752], 100, 3, 98, 141]
[[-8.198935476970027, -39.71038041762078], [0.5963916344606814, 0.8026936017842157], 100, 2, 80, 155]
[[90.64388326281296, 55.78982993367741], [0.5857774834865844, 0.8104719241529125], 100, 1, 6, 157]
[[-1.916691166970562, 46.20220251667743], [0.997303716545312, 0.07338458261043661], 100, 2, 47, 186]
[[-24.069850120292237, -47.7178232283608], [0.9999384637079481, -0.011093637698635092], 100, 2, 87, 186]
[[74.94154474672006, -50.66435931689938], [0.9094296098158273, 0.4158578901382442], 100, 3, 68, 187]
[[22.559910608366003, -89.07551155560363], [0.9794343605223744, 0.2017630625960247], 100, 2, 57, 188]
[[90.05058465412226, -82.4936654543273], [0.9952112425957917, 0.09774754529368095], 100, 3, 9, 188]
[[-48.797327757095516, -16.47201058033074], [0.9637270056131215, 0.2668899748060359], 100, 2, 29, 189]
[[96.58547491000768, 70.89426821630076], [0.5820957017729346, -0.8131202826012119], 100, 3, 66, 192]
[[-75.01387280241997, -88.92780005234768], [0.9689705521636136, 0.24717619027677748], 100, 4, 49, 195]
[[94.58096074102065, -9.001678710932506], [0.9850330471240606, 0.1723655884261362], 100, 3, 10, 196]
[[10.650339076651226, 59.475806234707235], [0.9724430194625525, -0.23314067405442954], 100, 2, 74, 197]
[[-80.27586809396499, 27.940793557531133], [0.9986603474416781, -0.05174466588612701], 100, 2, 71, 198]
[[37.99990698522204, -59.10674031556639], [0.9894123311839457, -0.14513179838047316], 100, 2, 61, 199]
[[-92.41613529119377, 55.303472061363905], [0.8849740089722177, 0.4656404229055304], 100, 2, 27, 199]
[[-77.92911415846865, -4.770788609925649], [0.8726531679986926, 0.488340504547642], 100, 2, 39, 200]
[[87.06364899228502, -32.610205663127886], [0.85465062085072, 0.5192035403187067], 100, 2, 37, 203]
[[50.37884239691307, 75.55455952917255], [0.9400902438899057, 0.340925700619677], 100, 2, 91, 204]
[[-83.13395992222203, 75.73165146524902], [0.6759029482008895, 0.7369906407908757], 100, 3, 72, 205]
[[52.0099303319919, -2.102775567106613], [0.8909509552670555, 0.45409954339188824], 100, 2, 64, 206]
[[82.5505163461622, 52.22956715989619], [0.8140182481512426, 0.5808392993563556], 100, 2, 32, 208]
[[72.99915327525967, -69.75332906839218], [0.8911170244959085, 0.45377356539749925], 100, 3, 4, 208]
[[97.61580741890114, -68.56482065337295], [0.9891404512345014, 0.14697335721690097], 100, 13, 77, 209]
[[34.0730671258341, -82.10340545090101], [0.8101422346256848, 0.5862333662251765], 100, 2, 69, 209]
[[31.742985790686433, 88.36105701194208], [0.9767575255460882, 0.21434723298676595], 100, 8, 52, 211]
[[-7.747814474475035, 8.656857986633263], [0.7669162133686555, 0.6417472412658141], 100, 2, 79, 215]
[[91.94225505465579, 71.3897392899903], [0.9014396950466189, 0.43290469643359003], 100, 3, 24, 217]
[[92.93449437536081, 63.153215635674954], [0.8032968052317593, 0.5955789139185915], 100, 3, 42, 218]
[[-18.845004853575276, 27.23198691632072], [0.841132547006276, 0.5408290287759477], 100, 3, 81, 225]
[[-42.78439132902747, 46.24575362165676], [0.1347371234616538, -0.9908813791576059], 100, 3, 60, 239]
[[-1.975796430523589, -36.8659043091812], [0.9923546015233806, -0.123419385978753], 100, 6, 7, 245]
[[-33.97723930909109, -39.01454878445007], [0.9981456907186261, -0.06087019056842798], 100, 4, 67, 250]
[[-13.364689001467305, -44.298101463855424], [0.8116940446139799, 0.5840828519467067], 100, 4, 97, 256]
[[-56.87463327337556, -37.30886622585853], [0.6584559364107253, -0.7526192794537454], 100, 4, 0, 264]
[[-93.5232459850089, -81.77325781690253], [0.9914514219940904, -0.1304763496803008], 100, 5, 59, 264]
[[-78.1570851865766, 2.8538477778182685], [0.8707714736233885, 0.4916879505578234], 100, 3, 23, 277]
[[93.756703802862, 86.13680488191814], [0.5163829929838567, -0.8563577550049011], 100, 4, 19, 286]
[[-27.029742034431532, 72.05222153754256], [0.7741693126707966, -0.6329785741388301], 100, 5, 90, 293]
[[50.029173231999415, -57.85860909082747], [0.8745271110583961, 0.4849766303893989], 100, 5, 34, 300]
[[59.22259588450061, 58.0722072433413], [0.9648114433451676, -0.26294272910695676], 100, 4, 54, 306]
[[14.510216483602287, 97.45568265222634], [0.7892100228710138, 0.6141233913473203], 100, 4, 84, 307]
[[51.560399034322394, -40.630667578214975], [0.9682804150511656, -0.2498660397659966], 100, 5, 14, 311]
[[82.42689844244074, 48.36330999499495], [0.9992851251637102, -0.03780527247022743], 100, 4, 25, 314]
[[-81.81749685383747, -87.65038518063338], [0.9217073297543795, 0.3878860635251691], 100, 3, 55, 326]
[[-22.778649865183827, -67.33864443889821], [0.9942047385280364, -0.10750319943331352], 100, 4, 15, 328]
[[19.41790774109829, -1.4573010273411593], [0.9827395940339975, -0.18499429806859952], 100, 3, 48, 332]
[[-39.80105997924153, -24.042823309153846], [0.9870251372016372, -0.16056580748119864], 100, 3, 43, 334]
[[98.82498504489713, -12.448124766284117], [0.8999481117197399, -0.43599701399444774], 100, 4, 73, 344]
[[-76.80915967352506, -79.78447809220036], [0.9044682755210974, -0.42654089906583653], 100, 4, 35, 344]
[[7.458668898545141, -23.451545467064896], [0.8611466847862085, 0.5083565552658119], 100, 7, 62, 353]
[[17.894814233479508, 66.02614802558874], [0.9173612913764735, -0.39805560049330907], 100, 4, 58, 356]
[[62.754114371808654, 51.57947861552994], [0.9980237331764825, 0.0628381095870745], 100, 3, 76, 362]
[[-19.45922868900925, 77.68457918609613], [0.7699460944519186, -0.6381089339903002], 100, 4, 51, 365]
[[-90.20509728587881, 91.05229428754127], [0.9902718674411977, -0.13914606913069066], 100, 3, 56, 373]
[[45.951225624255585, -39.19902155248849], [0.7573694200432901, -0.652986647323887], 100, 8, 13, 379]
[[6.780952852098142, 67.64412850253797], [0.968414250920232, 0.24934682395131053], 100, 4, 46, 383]
[[-68.26931132222899, 49.714465189472406], [0.34776638074024135, 0.9375812201760622], 100, 6, 65, 390]
[[72.9878783975724, -35.53225051864674], [0.4410046444092498, 0.8975048209394038], 100, 6, 11, 391]
[[-96.59042271972379, -25.322040632057547], [0.9955349530286371, 0.09439362954283145], 100, 6, 2, 395]
[[42.28009251190591, 29.359499222555158], [0.990833206675291, 0.13509091956737973], 100, 4, 38, 398]
[[12.626557377060365, -26.72960658563677], [0.46122566756622485, -0.8872828655947833], 100, 10, 95, 418]
[[-41.69297853174844, -90.40857490322796], [0.9232863260270129, -0.3841124316805439], 100, 5, 28, 424]
[[-9.359066889829382, 82.42113398427053], [0.7868600734801939, 0.6171314485283859], 100, 6, 16, 427]
[[-4.025850405878811, -80.16824303896175], [0.9911377801968183, -0.13283787361488217], 100, 7, 26, 428]
[[-11.29718356284233, 62.09180992480154], [0.9999574666222188, 0.009223066001832807], 100, 7, 18, 438]
[[44.64457506425401, 84.89130199511119], [0.8979817449221736, -0.44003270990521626], 100, 6, 75, 448]
[[53.91204762895303, -26.958238220666914], [0.7347872991190106, 0.6782975932829112], 100, 5, 1, 453]
[[34.42840697094763, -15.617574065754484], [0.9580789636910451, -0.2865042745452381], 100, 11, 41, 453]
[[18.070234732679165, -61.796640543795846], [0.9995239919654073, -0.030851085645993134], 100, 5, 83, 457]
[[27.46272220849498, 24.574144483383563], [0.4578155730097156, -0.88904718722337], 100, 6, 44, 458]
[[32.04622922476765, 99.16664331021006], [0.18148222071716913, 0.9833942259153065], 100, 5, 85, 464]
[[73.56304761305238, -37.31001665314336], [0.7138450299162858, 0.700303700735486], 100, 8, 21, 468]
[[90.93200898683095, -93.77253465838946], [0.9545428321447466, -0.2980737854979641], 100, 8, 12, 489]
[[92.53397496418623, -94.44311976927443], [0.7425692858787015, -0.6697692555422317], 100, 4, 36, 495]
[[-82.00261192871267, -69.82405326643357], [0.9866096791162079, 0.16309917557796946], 100, 1, 8, 148]
[[-75.50187836274749, 15.82379269388488], [0.9778795611014737, -0.2091687452273623], 100, 2, 40, 149]
[[-68.28871066836248, -6.849773931995582], [0.9530525849384276, -0.3028048387033821], 100, 2, 10, 152]
[[97.73326623311628, -10.802831607595309], [0.9957384941911216, 0.09222175007013111], 100, 2, 55, 161]
[[57.43774531681906, 33.65899312385413], [0.8870278347573306, 0.46171595203731247], 100, 2, 15, 163]
[[-86.6594639271488, 63.29474757315851], [0.9087185615304564, 0.4174093625327758], 100, 2, 25, 163]
[[-92.56031769514293, -52.82121679467128], [0.9096575662495754, 0.4153590159908647], 100, 2, 35, 163]
[[-35.48856737212047, 84.5489042404431], [0.8542769802212589, 0.519818084587336], 100, 2, 41, 167]
[[-30.366324837995993, 99.60044708834779], [0.7279976570015216, 0.6855796171126259], 100, 2, 85, 167]
[[-65.99625423910614, 100.5740493164], [0.8458381707139904, 0.5334395832361998], 100, 2, 11, 168]
[[43.041411790463634, -79.29277280270111], [0.8256865739167142, 0.5641291356185022], 100, 2, 71, 168]
[[97.62977261144466, 18.264535547476772], [0.7617380214644739, 0.6478851647131524], 100, 3, 1, 171]
[[-78.74240338819651, 88.06507655433944], [0.9716793429580077, 0.23630331032106675], 100, 3, 90, 175]
[[-27.290488690785963, -76.27560444528955], [0.4985935844153783, 0.8668358769570079], 100, 2, 75, 176]
[[-91.16333278982795, 88.50144825123378], [0.5799489866766266, 0.8146527928220427], 100, 3, 30, 177]
[[33.67177511014144, 53.53569031924922], [0.9905409442756057, -0.13721748326503957], 100, 2, 44, 179]
[[-6.596910437493391, -21.890959586467233], [0.9965991613855949, -0.08240213301565], 100, 2, 66, 179]
[[-47.91227288661881, 30.576374878092007], [0.9797964767229235, 0.19999716048320695], 100, 2, 37, 182]
[[36.88828101740873, -92.35757092535812], [0.9822499370443352, 0.18757681406932922], 100, 2, 57, 182]
[[5.737943653245443, 67.94583007274923], [0.9730943087887479, 0.23040717480787998], 100, 3, 70, 185]
[[-49.05718788679548, -22.572316529615893], [0.9368184797730049, 0.34981586006897397], 100, 2, 97, 185]
[[-40.299593694762635, -87.00610862322995], [0.9279633254238843, 0.3726715265059114], 100, 2, 77, 186]
[[54.27648811402763, -55.646308804529376], [0.9441984473060719, -0.32937712747670084], 100, 2, 82, 187]
[[1.26991378752147, 9.449266131030987], [0.4723781371858982, -0.8813959924510553], 100, 3, 88, 187]
[[-31.204663295210675, 6.619904211808876], [0.8666316729939748, 0.49894843758014146], 100, 2, 47, 192]
[[86.05208580706626, -69.28543303784537], [0.9880467482389593, 0.15415454354127417], 100, 2, 59, 194]
[[-82.68345586417409, 54.780184375744], [0.9458748651266474, -0.3245315693759956], 100, 2, 13, 197]
[[98.70297395047062, -69.09678549095966], [0.7831072482096321, -0.6218866760122278], 100, 2, 94, 200]
[[93.94840998860124, -91.7595756997396], [0.7804111756088852, -0.6252666607014625], 100, 6, 50, 201]
[[87.53277731034173, -33.49818695693348], [0.9999731778139533, -0.0073241827300898], 100, 4, 53, 201]
[[80.71698101332731, 14.439931702461779], [0.7753518677339556, -0.6315294776979667], 100, 2, 54, 201]
[[-15.886962962447077, 55.71615739376795], [0.770252543327989, -0.6377389901023494], 100, 2, 56, 203]
[[72.59119284280673, 41.05435599594129], [0.8044162265933408, -0.5940661027136046], 100, 3, 2, 204]
[[19.53678575832847, -82.36049695229096], [0.24054631138898838, 0.970637662610076], 100, 3, 5, 205]
[[-69.913033158422, 3.28164846964558], [0.3661650212815318, 0.930549932668793], 100, 2, 51, 207]
[[-45.44625925975409, -18.78204950616762], [0.8136664788701236, -0.5813319715645225], 100, 2, 33, 213]
[[57.30326383917273, 73.58812119605344], [0.9629992918657899, 0.26950392180075433], 100, 8, 9, 215]
[[46.076698187132905, -40.82103650703843], [0.8923725127052815, 0.45129956632824514], 100, 3, 89, 216]
[[-11.490648197238544, 36.92970209140961], [0.7909940750982334, 0.6118238089184584], 100, 2, 29, 218]
[[95.88304532989302, -95.96417680512904], [0.9948257579910015, 0.10159582293396396], 100, 3, 32, 219]
[[27.919506722230956, 36.99907161593972], [0.991925085320183, -0.12682517538938323], 100, 3, 16, 220]
[[31.70469588034714, 79.35683705509504], [0.6573042859341462, 0.7536252886498715], 100, 2, 67, 220]
[[-18.881346556280644, -84.02993947246362], [0.9955813771505505, -0.093902723448329], 100, 3, 72, 223]
[[55.78029835661826, -1.754433631555063], [0.9981497317798158, -0.060803889249634605], 100, 3, 52, 224]
[[65.72946666626075, -40.421539747421505], [0.7591797591733771, 0.6508810131363898], 100, 3, 68, 224]
[[13.993466892198622, 56.967981927546916], [0.9887452371928299, 0.149609010184863], 100, 3, 26, 230]
[[29.631774771101764, -0.31179445327918076], [0.8669839425693594, -0.4983360746794173], 100, 3, 36, 234]
[[6.613620422211044, 35.00576077722501], [0.9994954195619102, 0.03176328501211655], 100, 3, 87, 248]
[[56.09735501973174, -59.107713631046266], [0.38287753053567486, 0.9237991105272312], 100, 3, 64, 253]
[[35.94059357300493, 82.30729080016587], [0.8782726669089641, 0.47816014321628253], 100, 4, 86, 257]
[[-24.879336704769727, -62.800625457922145], [0.49553721692037866, 0.8685867064644759], 100, 6, 4, 259]
[[-5.495861658561498, -27.199094014915968], [0.8380759462504764, -0.5455535796934784], 100, 5, 14, 261]
[[16.834137469885285, 75.20621011262138], [0.9843068542899777, -0.17646534106664857], 100, 3, 99, 261]
[[-4.428129522101132, -96.68440376923415], [0.17829069251469168, -0.9839778599961646], 100, 4, 83, 264]
[[77.16568753852603, 46.02359799339865], [0.9579215746586649, -0.28703006254304425], 100, 12, 3, 271]
[[87.86920350384015, 70.45568891577521], [0.7113678331743474, -0.7028198957946722], 100, 4, 17, 278]
[[55.780298326729856, -56.74189816208661], [0.9441396560367578, 0.3295456112570651], 100, 6, 42, 280]
[[-36.18988610828825, 70.92220346995151], [0.8954773599081339, 0.44510706340380435], 100, 3, 93, 284]
[[80.1620121598892, -91.24954954158656], [0.9956636540118022, -0.09302627628721938], 100, 3, 45, 284]
[[5.802922474752151, -95.02372340307062], [0.9814954857306241, 0.19148527747690242], 100, 3, 24, 288]
[[75.57568566906085, -1.8281938380595324], [0.6670371731663997, 0.7450244355819334], 100, 5, 38, 298]
[[44.62937067946484, 36.01175862484205], [0.9836173137346308, 0.18026918794255717], 100, 6, 34, 319]
[[14.894824286347443, -5.471658182269223], [0.7070866072024896, 0.7071269545950516], 100, 6, 7, 321]
[[-39.65729497331985, -13.080392502743738], [0.8303072779761633, 0.5573058622873208], 100, 7, 76, 336]
[[97.57414198361595, -95.83879366324587], [0.7878686325256123, 0.6158433387495732], 100, 3, 48, 336]
[[-57.74197299575911, 17.307724877867134], [0.7808245746934476, 0.6247503369785379], 100, 3, 91, 340]
[[18.475205738298662, 59.82969025271892], [0.9968709051483062, -0.07904681188255823], 100, 3, 81, 343]
[[-90.89682342901119, -64.66134055249363], [0.9430623920447354, -0.3326158816275341], 100, 6, 80, 350]
[[-51.61155020648225, 88.03235598258918], [0.9669520178073704, 0.2549584186848023], 100, 3, 58, 357]
[[-5.622442862877547, 86.89691498029576], [0.9257080862689578, -0.37823873283452053], 100, 4, 92, 382]
[[-30.878811500683632, 77.6637725725564], [0.9894788271601291, 0.14467774743137024], 100, 6, 0, 391]
[[55.53761358883423, -86.45782399457421], [0.9991245786925198, 0.04183391270841047], 100, 6, 65, 408]
[[55.22259939452815, -71.86832394690882], [0.9985862649780719, 0.053155163410002086], 100, 4, 19, 419]
[[-48.310307439889506, 54.92271968707316], [0.9971707149440243, 0.07517024183826583], 100, 6, 79, 424]
[[-33.82442663787505, -10.391158003787924], [0.6837233365133978, -0.7297413234201466], 100, 4, 78, 430]
[[-21.96943871189802, 80.0615505309207], [0.7184961373026625, -0.6955309487586829], 100, 7, 20, 438]
[[3.987586139686655, -82.2064765465849], [0.9697743649541909, 0.24400344480702688], 100, 11, 12, 446]
[[78.95658683968632, -84.1233559530097], [0.5788426459228034, 0.8154392627664478], 100, 10, 6, 466]
[[60.18399203951431, -20.736986099475125], [0.8094914734611527, -0.5871316329356577], 100, 7, 84, 479]
[[67.71194088496493, -59.550593361133345], [0.9648215613744058, 0.262905600372175], 100, 8, 28, 479]
[[90.47122761424687, -83.1785599805415], [0.6470280440964156, -0.7624662026298391], 100, 8, 22, 494]
[[93.94557673007465, 89.17995695164166], [0.3431689132604509, 0.9392737071650846], 100, 7, 63, 494]
[[100.3064404771918, -86.43447936306366], [0.9946523921916283, 0.10327932371714749], 100, 7, 60, 498]
                                                                                                                                                                                                                                                                                                                                                                                                                                                                                                                                                                                                [[-100.15586942633112, 27.656055540488587], [0.5152245785204771, 0.8570552104085225], 100, 5, 76, 385]
[[85.03697127072165, 15.939580292389204], [0.9917152413864249, 0.12845575114359487], 100, 7, 60, 423]
[[-26.83806499096408, -90.15004236288341], [0.9118272729665932, -0.410574018021484], 100, 5, 79, 430]
[[24.60184871304339, -38.72441703849814], [0.60006431637558, -0.7999517586784267], 100, 13, 83, 445]
[[37.14035055831644, -4.3801223589091025], [0.7709480587169851, 0.636898022261423], 100, 8, 82, 454]
[[25.682777992472438, -84.04264932357475], [0.583069963667234, 0.8124219454625106], 100, 9, 25, 459]
[[43.901098118117964, 97.7938065479774], [0.6933029429986481, 0.7206462580416367], 100, 4, 38, 464]
[[47.11732740498344, 28.531667760585027], [0.9930053393663205, 0.11806945409367599], 100, 8, 1, 470]
[[68.55626194912143, -87.42789806868524], [0.6682572954593377, -0.743930229971448], 100, 8, 26, 483]
[[81.60599415798043, 60.94893612644927], [0.6739119787253168, 0.7388116437431993], 100, 4, 18, 484]
